Accuracy: 0.8140350877192982
F1 0.7125358872408756
Precision: 0.7675458323004095
Recall: 0.6985919174309216
AUC: 0.9446922810568911